N 2 2 2 x=3 N=2 , 2*0.5*3*2+X*N=9
2 2 2 1 2 2 2

1 1 1 , 3

1 1 0

2 1 0

1 2 0

2 1 0
-----------------------------------
1 0 3 0 

0 1 3 0 , 1:ace 3(1,1,1):bdf

1 0 2 100 0,  
1 0 1 0 2 100 1
0 1 1 0 2 100 1
0 1 0 1 2 100 1
0 0 1 1 2 100 1
0 0 1 0 3 100 1
0 0 0 1 3 100 1
0 0 0 1 2 101 1
0 0 0 0 3 101 1 

 0 0 3 101 1  W(101)
1 0 0 3 101 0
1 0 0 2 102 0
0 1 0 2 102 0
0 1 0 1 103 0
0 0 1 1

100 0 3 100 100
----------------------


0 1 2 3 4 5 6 7 8 9 
| | | | | | | | | |
0 0 0 0 0 0 1 0 1 8 
0 0 0 0 0 0 0 1 1 8 1
0 0 0 0 0 0 0 1 0 9  1+ (9*1+3)
1 2 2 2 -> 1 1 3 2 -> 1 1 2 3
A b b b  ... b*1/2*x-1*x+x-1
a b b b ... b b*1/2*x-1*x +x

1 1 N 0
1 0 N+1 0
0 1 N+1 0
0 2 N 0
0

1 2 2 0
0 0 5 0
3*1 + 2*2 + 2 = 9
1 2 2 2 9
1 1 3 2 1
0 2 3 2 2
0 2 2 3 3
0 2 2 3  6+3
    10 2
a b d c 0 0 , abc sorted and d <c

min(c-d, d*dif)

0 0 0 7

3 4 10 2 0 0 

City 0: 4*5 + 10*4 + 2*3 = ...
City 1: 10*5 + ...
City 2: 2*5 + ...

1 0 3 0 0 
City 0: 3*3 = 9
City 1: 1*1 + 3*4 = 13
City 2: 2*1 !
City 3: 3*1 + 1*3 = 6
City 4: 3*2 + 1*4 = 10

1 0 0 0 3 0 0 0 0 
0 1 0 0 3 0 0 0 0 
0 1 0 0 2 1 0 0 0 
0 0 1 0 2 1 0 0 0 
0 0 1 0 1 2 0 0 0
0 0 0 1 1 2 0 0 0
0 0 0 1 0 3 0 0 0 


City 3: 3*1 !
City 4: 4*1 + 1*3 !

a b c d e f sorted
5*a + 4*b + c*3 + d*2 + e
1 b c d e f
1 b-1 c+1 ...
b c+1 ... 

0 0 0 0 0 0 0 0 1 9 |1


[1, 0, 3, 0, 0]
[0, 1, 3, 0, 0] [1, 0, 2, 1, 0]
[0, 1, 2, 1, 0] [0, 1, 2, 1, 0] [1, 0, 1, 2, 0]



1 0 1 0 1
0 1 1 0 1 
1 0 0 1 1 
2 0 1 0 0 

1 0 3 0 0

0 1 3 0 0
1 0 2 1 0
01300
01210

1 0 1 0 0 | Z=1 V=1 V-Z=0
0 1 1 0 0 
0 1 0 1 0
0 0 1 1 0
0 0 1 0 1
0 0 0 1 1 Impossible

1 0 2 0 0 | Z=1 V>=2 V-Z=1
0 1 2 0 0 
0 1 1 1 0
0 0 2 1 0
0 0 0 3 0 |+1

1 0 0 2 0 0 0| Z=2 V=2
0 1 0 2 0 0 0
0 1 0 1 1 0 0
0 0 1 1 1 0 0
0 0 1 1 0 1 0
0 0 0 2 0 1 0
0 0 0 0 0 3 0 |+2

1 0 0 3 0 0 0| Z=2 V>=3
0 1 0 3 0 0 0
0 1 0 2 1 0 0
0 0 1 2 1 0 0
0 0 1 1 2 0 0
0 0 0 2 2 0 0 |+1

1 0 0 0 2 0 0 0 0| Z=3 V=2
0 1 0 0 2 ...
0 1 0 0 1 1 ...
0 0 1 0 1 1 ...
0 0 1 0 1 0 1 ...
0 0 0 1 1 0 1 ...
0 0 0 1 1 0 0 1 ...
0 0 0 0 2 0 0 1 ...|+3

1 0 0 0 3 0 0 0 0| Z=3 V=3
0 1 0 0 3 ...
0 1 0 0 2 1 ...
0 0 1 0 2 1 ...
0 0 1 0 2 0 1 ...
0 0 0 1 2 0 1 ...
0 0 0 1 1 1 1 ...
0 0 0 0 2 1 1 ...|+2

1 0 0 0 4 0 0 0 0| Z=3 V=4
0 1 0 0 3 1 0 0 0
0 0 1 0 2 2 0 0 0
0 0 0 1 1 3 0 0 0 
0 0 0 0 2 3 0 0 0|+1

1 0 0 0 0 2 ... | Z=4 V=2
0 1 0 0 0 1 1 ...
0 0 1 0 0 1 0 1
0 0 0 1 0 1 0 0 1
0 0 0 0 1 1 0 0 0 1
0 0 0 0 0 2 0 0 0 1|+4

1 0 0 0 0 3 ... | Z=4 V=3
0 1 0 0 0 2 1
0 0 1 0 0 1 2
0 0 0 1 0 1 1 1
0 0 0 0 1 1 0 2
0 0 0 0 0 2 0 2 | +2

1 0 0 0 0 4 ... | Z=4 V=4
0 1 0 0 0 3 1
0 0 1 0 0 2 2
0 0 0 1 0 1 3
0 0 0 0 1 1 2 1
0 0 0 0 0 2 2 1 |+2

1 0 0 0 0 5 ... |+1

α*1 + β*2 + γ*3 + δ*4

δ γ β α Τ


[1 0 3 0 0]



[4 0 0 0 0] 1*0 + 3*3 = 9
[0 4 0 0 0] 1*1 + 3*4 = 13  
[0 0 4 0 0] 1*2 = 2 Χ
[0 0 0 4 0] 1*3 + 3*1 = 6
[0 0 0 0 4] 1*4 + 3*2 = 10

[1 0 3 0 0]

